1854291
1722341
1669870
1675798
2319871
2204330
1968289
1999297
2006577
1908764
2004642
1897422
2265333
2167973
2079337
1953483
1922819
1865649
2420400
1939338
2139155
1749625
2175968
2243872
1846948
1754894
1896587
2380426
2058991
1885090
2084588
2246885
1502754
2302605
1685225
2461675
1980959
2242638
2068433
1851755
2365005
2314956
1740273
2393989
1863762
2007209
2193322
1771003
1866657
2008778
1997677
2052129
1669074
1996239
1861742
1559836
2117505
1687689
1774112
2041468
2110283
2159834
1997647
1994552
2111286
2012146
1951990
2172544
2397062
2309151
2116479
2144214
1217352
2212939
1635706
1777140
1794105
2276466
1915032
1910043
2027218
1913060
2204911
1919213
2426613
2037121
1730213
1619338
2344271
1961563
673481
2013238
705
1019520
1985218
1122801
1927531
2011627
1803513
1630557
1946035
2042051
2042805
1958125
1979020
2006069
2014269
1781053
2012773
2348564
1632298
1572125
2231830
1239475
1990554
1971522
1913663
1979431
2028544
1713599
2023889
2033060
1901142
2051050
2105632
1542050
1973020
2476514
2123165
2008712
2036503
2006834
2081017
1864828
1974292
1840367
2429251
2073577
2129103
2279956
1901666
1961234
2203491
2029064
1986367
1768970
1797294
1917874
1608242
1982152
1932881
1848939
1948082
1978607
2019644
2146688
1984124
1733825
1920067
2436399
