1240756
818910
1081671
1194230
1526738
996069
1260112
1212206
1035089
1474812
1254112
1239822
1196270
1164394
1136105
1395933
1119598
1341327
1274911
1218096
743488
1222551
1282356
1162437
1527958
1247841
1234518
1344290
1273602
466441
1061846
1274537
966188
1227994
1564978
1231324
1246797
1268643
1372091
1228485
1348042
1262395
1236444
1239566
1250377
1158610
1241188
1182369
1229112
1290429
1241566
1266442
1098983
1157321
1025877
1325789
1386194
1247485
1235580
1133912
1207232
1232886
1453047
1244112
1303960
1256795
1202675
1329695
1314371
1029670
1256767
1209775
1094550
1266085
1247910
1158615
1253437
1203120
1216644
1207359
1105861
1412962
1468268
1242390
1107432
1379234
1567312
1080057
705
1379299
1030166
1113195
1512459
1431477
1316038
758241
1421103
927047
1429887
1253612
1286481
1206761
1373360
1299577
1358236
1226400
1134260
1314212
1257634
1327655
1194107
973752
1118270
1281938
1329507
1053509
1386324
1228274
1351718
1249344
1178497
967374
1269955
1056394
1251203
1113860
1482698
1181075
1488710
1431746
765544
1275900
1135039
1237209
1401704
1312136
1423879
1298989
1206588
1336735
1257852
1181513
1470616
1165082
1073100
1525523
1204763
1200805
1162729
1242922
1299325
1202257
1190129
1411190
1342312
1035484
1046946
1448994
1177724
1081755
