4060192
3920391
3532301
3469791
4454412
4090699
4438813
4725508
3970667
4629441
4012025
4042680
4216903
3770487
3686962
4591181
3690375
3674292
3965279
3704855
4018265
4167011
3788793
3977665
4084529
3613013
3270718
4265430
4198105
4083618
3402173
4078257
3776083
3936205
4324390
3887700
4321935
4238013
4015714
4161794
3975158
4021712
4362754
3957048
3807626
4140477
3761380
4066084
4413021
4179001
3715950
4033429
2120434
4048516
3990390
3308523
4218797
3179556
3699475
4649336
4663186
3668526
4825544
3488125
4678844
3298670
4324160
3729942
4436182
4532146
3752324
3891641
4128122
3456155
3769747
4671830
3389194
3346445
3548455
4332903
3984207
2033353
3548455
3659969
4748263
3768582
3732155
3828391
3916455
4852100
1024053
4025296
2387001
3629815
3354815
3904629
4274723
4033428
4584341
4160150
4869199
3821683
3499428
3830901
3860194
3192784
4957345
3966119
3079188
4058854
4017622
3909761
4003257
4816564
3757432
4139129
4234418
4009023
4027725
3975064
3265835
4915838
3587003
3168596
4017937
3299587
3521341
4426736
2988602
4646693
4037445
3719906
4046696
4055949
3971747
3980167
3853580
4310479
3589491
4014289
3848391
4111360
4036471
3212187
706
1578944
4086500
3988953
4266531
3980620
4443367
4315396
4182838
3907443
3921777
3939203
4854465
4629777
4554621
3513463
