734162
732825
770365
324335
476582
735608
657224
838516
823936
641171
655349
805733
739190
628297
753983
909114
839789
794586
721687
850775
755377
606007
897203
736517
513066
800143
765252
816888
670246
771216
760767
741105
755225
751216
799085
644926
708829
583065
754904
637063
755265
788955
742719
733262
660863
678241
885497
714992
898696
853776
774104
678176
746002
848023
737455
725648
668307
810705
803420
745798
788764
861732
779080
712628
701515
872357
706347
640855
744201
688353
694871
760241
799725
755329
918248
725071
724306
705897
780428
720865
717261
836595
802645
809976
750534
738556
828378
613978
625751
857736
708760
651710
649653
724399
920476
690673
785162
847778
739902
596193
770048
734682
721572
707402
681339
754304
737854
826083
775026
726555
749180
833161
654612
816922
776292
687851
916647
665942
829668
763468
738015
734861
698572
748629
743702
806230
574110
733818
941918
844891
557350
935204
668395
743048
749166
758711
739285
588907
750057
752040
821979
731817
755174
647574
764975
738226
722208
646516
718493
719819
705
528009
861911
761827
647487
721563
828726
464560
869475
749932
