410185
377347
435487
429015
382411
446981
361424
395720
397501
368189
382561
454470
325232
337916
386970
352443
382304
452554
381606
343948
293017
435262
376165
506723
487917
388137
383232
372971
419270
354722
395141
460333
418019
365001
396925
459420
414705
462858
428688
374631
382067
312820
411717
400229
346622
400380
444307
394247
390960
397857
402044
468033
384474
373689
472635
451685
370874
416432
428555
331991
383764
450199
440123
247188
408234
434909
351233
435944
343690
396885
401833
445145
410067
486606
402727
392870
393896
349543
451043
422987
413292
344642
467297
337574
299354
393788
403377
381747
317504
401319
390910
394051
412851
400282
405679
413535
446971
440766
395188
344348
400275
213017
417615
381740
284809
366532
394970
461860
706
390928
398829
434224
401980
345245
385140
318111
390723
502204
307933
369944
393657
368470
401241
405607
418318
405697
396341
399675
413194
364093
487380
404632
411605
467835
395700
399341
396205
435185
383964
384886
382270
406619
429203
357210
391237
423740
343087
446988
493220
351053
385357
398339
378823
386398
421185
417001
400926
417730
395848
317165
