202224
140697
202753
179455
167748
210047
201584
201320
226918
214596
206276
190963
229099
198297
145750
191304
208317
224223
202576
203214
158593
202974
204947
102284
174361
203359
174524
193219
216545
199097
216208
203661
205193
199830
200726
203571
154257
193410
253691
182648
197726
180614
203430
231420
218347
193643
203621
183264
249667
205379
213904
198733
196856
167261
229028
205790
170083
192954
196838
194064
211992
202346
203576
226771
210231
159873
211800
198956
179944
188447
250603
198256
185485
194103
187200
184661
199758
193922
175503
165157
163302
231651
195305
213045
213379
217917
188510
202696
180509
222482
252323
195203
192922
188704
247515
191497
191165
173290
188735
223079
222441
149279
229190
185685
206787
189868
207059
236450
200004
233519
207051
172651
194464
211603
200067
193953
194157
241362
230384
176996
235770
193342
197642
172021
217301
190726
158022
198949
228663
199981
226463
215892
175049
176919
210735
159352
124361
191951
199188
221526
191008
233051
205759
218315
204320
161338
243383
207060
189272
219237
188652
173447
705
200398
234489
171084
226183
197414
198443
197437
