5955530
5693330
5502399
5396846
7209216
5652121
6988008
6846997
5567993
4821835
6231072
4882537
5904905
6072199
6303807
6095673
6669443
6014093
6361248
6480716
5997784
5555049
6283235
5806446
5940247
6576712
5808992
6081488
6105126
5216806
7151902
5861466
5607655
5419079
5628232
7049225
5609477
5251933
5405382
5776544
6264377
6163154
5126650
4916601
5315356
7004981
5735440
5285793
6246694
5775981
5612639
6595841
6921597
5987721
5975938
5613857
5236144
6947127
5480024
6698814
7207392
5776146
5711551
5418881
6059552
2791383
6095029
5039011
7036669
6310109
6508782
2290965
707
6714765
5595001
5264474
5881798
5598518
6988692
1400470
6397140
6393825
5718214
6003330
6084777
6500236
2924068
5950577
6211922
5332743
6355030
4795602
6396325
4979100
5730230
6275950
6044983
6858359
5782301
5937922
6110854
5051457
4902068
6508557
5988100
6080318
5550130
3628981
5951504
6905273
5528918
5978234
6436591
6003071
6211771
4731698
5563867
6625896
5890377
4577928
5650612
5813687
5282980
5725287
7273990
6294620
6045843
5407121
6888906
4305852
6874935
6125860
6334707
5850956
5182502
5304184
7427439
4959737
5193981
6890339
6089267
6153043
6402443
6250104
5418334
7114498
6383010
6532660
6038050
5897050
6096200
5855418
6011795
6060224
4616624
6017825
7465837
6499198
5819915
6098728
