379967
284572
311240
312184
249604
317858
293338
298461
330086
221076
304355
285174
274557
282156
274685
275210
335651
295437
303317
293446
299070
264130
299985
303035
295708
332537
344985
281254
305771
292418
337659
317043
285818
315652
187198
290109
288023
287682
254375
316654
339329
325986
287379
265539
370933
242083
298364
317882
228649
378352
291925
297255
298791
304944
302856
307994
370424
274865
302386
295706
322376
301433
299618
300413
261767
311544
350040
298685
351466
309934
285599
314376
315876
297121
296170
223765
233901
286813
257054
299028
314275
276693
288391
353860
345526
357344
252923
349731
256948
303526
282587
317651
290102
318364
320444
247580
247293
340718
264812
292538
325705
297133
224761
288272
331947
288061
255614
286288
287910
369293
276594
290274
308233
165263
296297
344514
252871
269991
326733
266031
367604
290091
321607
705
317882
302582
301835
319487
304032
346282
298225
295473
339001
257697
287350
297749
277018
277574
330542
323633
301104
338940
314060
268918
256285
322080
237276
293242
284242
282255
295133
253739
295737
337889
287992
327349
303335
310129
318192
304974
