81581
104125
104187
65393
98982
109412
103425
89729
84329
103707
104538
103440
99864
103592
106891
108546
97255
98998
98256
104896
107834
74523
125610
107532
119456
102374
103866
87036
124495
92149
95714
103547
96625
109994
88586
92493
99950
106225
100567
79539
98126
127228
77211
101075
114823
100814
101519
93164
97850
102961
100493
102253
92072
122416
103684
94453
110553
105372
98628
112029
101413
100129
98644
116122
92461
103431
86911
105306
99550
103881
118429
108321
705
96928
104386
119848
110659
100606
89322
96291
79962
119747
91042
99166
93902
105982
102617
109363
116638
99133
112962
116999
97890
92975
105978
107809
97144
106815
113074
93381
101606
101347
98368
102090
102564
102809
82826
101390
91201
115063
83122
85890
97037
86685
99488
97299
110954
107127
101094
98885
89995
94702
93817
102502
123835
96791
89484
109365
91377
118552
98187
103050
102078
107019
96331
121129
100505
102073
88476
101530
100162
84090
86917
114267
96049
108358
105660
99744
90447
107469
108139
83674
95830
115167
105237
75223
93021
94151
100075
110176
