554201
546861
431412
458390
625622
370555
552751
477510
464455
480946
396929
518664
492274
501111
465133
484838
553256
444832
493731
436191
481531
614270
495033
501207
507152
487956
511033
498098
501240
550238
493100
389342
489859
627447
538433
497402
499043
481185
571251
522369
470730
460466
611197
517944
500788
455876
308403
553572
507026
422621
475794
487920
503236
438170
502724
562204
513277
504427
495540
492775
484975
524136
605180
509579
553335
510211
498227
505891
491384
513093
547210
430217
481847
437800
397416
435594
563042
355652
493078
590751
415355
489769
492225
553036
534600
420980
489175
502966
426816
497563
537065
578175
454593
518509
510312
544623
706
482347
334769
235473
517871
371770
478831
565514
524889
473704
519500
575993
574850
490506
504543
524831
495935
573643
518418
444105
596458
566970
452296
588089
476459
505866
508323
531660
455796
493555
459819
503294
429166
513152
474097
390059
477646
437176
407293
417369
570092
533460
532084
504334
491279
459386
479703
478164
548123
536613
520637
477103
481045
464606
612439
484337
443297
490283
504218
530221
478824
427918
473742
573165
